wait 560
cal 1
send 43 44 45 46
send 43 44 45 46
send 43 44 45 46 47
send 43 44 45 46 47
send 43 44 45 46 47
cal 1
send 43 44 45 46 47
send 43 44 45 46 47
send 43 44 45 46 47
send 43 44 45 46 47
send 43 44 45 46 47
cal 1
send 43 44 45 46 47
send 43 44 45 46 47
send 43 44 45 46 47
send 43 44 45 46 47
send 43 44 45 46 47
cal 1
send 43 44 45 46 47
send 43 44 45 46 47
send 43 44 45 46 47
send 43 44 45 46 47
send 43 44 45 46 47
cal 1
send 43 44 45 46 47
send 43 44 45 46 47
send 43 44 45 46 47
send 43 44 45 46 47
send 43 44 45 46 47
cal 1
send 43 44 45 46 47
send 43 44 45 46 47
send 43 44 45 46 47
send 43 44 45 46 47
send 43 44 45 46 47
cal 1
send 43 44 45 46 47
send 43 44 45 46 47
send 43 44 45 46 47
send 43 44 45 46 47
send 43 44 45 46 47
cal 1
send 43 44 45 46 47
send 43 44 45 46 47
send 43 44 45 46 47
send 43 44 45 46 47
send 43 44 45 46 47
cal 1
send 43 44 45 46 47
send 43 44 45 46 47
send 43 44 45 46 47
send 43 44 45 46 47
send 43 44 45 46 47
cal 1
send 43 44 45 46 47
send 43 44 45 46 47
send 43 44 45 46 47
send 43 44 45 46 47
send 43 44 45 46 47
cal 1
send 44 45 46 47
send 44 45 46 47
send 44 45 46 47
send 44 45 46 47
send 44 45 46 47
cal 1
send 44 45 46 47
send 43 44 45 46 47
send 43 44 45 46 47
send 43 44 45 46 47
send 43 44 45 46 47
cal 1
send 43 44 45 46 47
send 43 44 45 46 47
send 43 44 45 46 47
send 43 44 45 46 47
send 43 44 45 46 47
cal 1
send 43 44 45 46 47
send 43 44 45 46 47
send 43 44 45 46 47
send 43 44 45 46 47
send 43 44 45 46 47
cal 1
send 43 44 45 46 47
send 43 44 45 46 47
send 43 44 45 46 47
send 43 44 45 46 47
send 43 44 45 46 47 48
cal 1
send 43 44 45 46 47 48
send 43 44 45 46 47 48
send 43 44 45 46 47 48
send 43 44 45 46 47 48
send 43 44 45 46 47 48
cal 1
send 43 44 45 46 47 48
send 43 44 45 46 47 48
send 43 44 45 46 47 48
send 43 44 45 46 47 48
send 43 44 45 46 47 48
cal 1
send 43 44 45 46 47 48
send 43 44 45 46 47 48
send 43 44 45 46 47 48
send 43 44 45 46 47 48
send 43 44 45 46 47 48
cal 1
send 43 44 45 46 47 48
send 43 44 45 46 47 48
send 43 44 45 46 47 48
send 43 44 45 46 47 48
send 43 44 45 46 47 48
cal 1
send 43 44 45 46 47 48
send 43 44 45 46 47 48
send 43 44 45 46 47 48
send 43 44 45 46 47 48
send 43 44 45 46 47 48
cal 1
send 43 44 45 46 47 48
send 43 44 45 46 47 48
send 43 44 45 46 47 48
send 43 44 45 46 47 48
send 43 44 45 46 47 48
cal 1
send 43 44 45 46 47 48
send 43 44 45 46 47 48
send 43 44 45 46 47 48
send 43 44 45 46 47 48
send 43 44 45 46 47 48
cal 1
send 43 44 45 46 47 48
send 43 44 45 46 47 48
send 43 44 45 46 47 48
send 43 44 45 46 47 48
send 43 44 45 46 47 48
cal 1
send 43 44 45 46 47 48
send 43 44 45 46 47 48
send 43 44 45 46 47 48
send 43 44 45 46 47 48
send 43 44 45 46 47 48
cal 1
send 43 44 45 46 47 48
send 43 44 45 46 47 48
send 43 44 45 46 47 48
send 43 44 45 46 47 48
send 43 44 45 46 47 48
cal 1
send 43 44 45 46 47 48
send 43 44 45 46 47 48
send 43 44 45 46 47 48
send 43 44 45 46 47 48
send 43 44 45 46 47 48
cal 1
send 43 44 45 46 47 48
send 43 44 45 46 47 48
send 43 44 45 46 47 48
send 43 44 45 46 47 48
send 44 45 46 47 48
cal 1
send 44 45 46 47 48
send 44 45 46 47 48
send 44 45 46 47 48
send 44 45 46 47 48
send 44 45 46 47 48
finish
