wait 560
cal 1
send 44 45 46 47 48
send 44 45 46 47 48
send 44 45 46 47 48
send 44 45 46 47 48
send 44 45 46 47 48
cal 1
send 44 45 46 47 48
send 44 45 46 47 48
send 44 45 46 47 48
send 44 45 46 47 48
send 44 45 46 47 48
cal 1
send 44 45 46 47 48
send 44 45 46 47 48
send 44 45 46 47 48 49
send 44 45 46 47 48 49
send 44 45 46 47 48 49
cal 1
send 44 45 46 47 48 49
send 44 45 46 47 48 49
send 44 45 46 47 48 49
send 44 45 46 47 48 49
send 44 45 46 47 48 49
cal 1
send 44 45 46 47 48 49
send 44 45 46 47 48 49
send 44 45 46 47 48 49
send 44 45 46 47 48 49
send 44 45 46 47 48 49
cal 1
send 44 45 46 47 48 49
send 44 45 46 47 48 49
send 44 45 46 47 48 49
send 44 45 46 47 48 49
send 44 45 46 47 48 49
cal 1
send 44 45 46 47 48 49
send 44 45 46 47 48 49
send 44 45 46 47 48 49
send 44 45 46 47 48 49
send 44 45 46 47 48 49
cal 1
send 44 45 46 47 48 49
send 44 45 46 47 48 49
send 44 45 46 47 48 49
send 44 45 46 47 48 49
send 44 45 46 47 48 49
cal 1
send 44 45 46 47 48 49
send 44 45 46 47 48 49
send 44 45 46 47 48 49
send 44 45 46 47 48 49
send 44 45 46 47 48 49
cal 1
send 44 45 46 47 48 49
send 44 45 46 47 48 49
send 44 45 46 47 48 49
send 44 45 46 47 48 49
send 44 45 46 47 48 49
cal 1
send 44 45 46 47 48 49
send 44 45 46 47 48 49
send 44 45 46 47 48 49
send 44 45 46 47 48 49
send 44 45 46 47 48 49
cal 1
send 44 45 46 47 48 49
send 44 45 46 47 48 49
send 44 45 46 47 48 49
send 44 45 46 47 48 49
send 44 45 46 47 48 49
cal 1
send 44 45 46 47 48 49
send 44 45 46 47 48 49
send 44 45 46 47 48 49
send 44 45 46 47 48 49
send 44 45 46 47 48 49
cal 1
send 44 45 46 47 48 49
send 44 45 46 47 48 49
send 44 45 46 47 48 49
send 44 45 46 47 48 49
send 44 45 46 47 48 49
cal 1
send 44 45 46 47 48 49
send 44 45 46 47 48 49
send 45 46 47 48 49
send 45 46 47 48 49
send 45 46 47 48 49
cal 1
send 45 46 47 48 49
send 45 46 47 48 49
send 45 46 47 48 49
send 45 46 47 48 49
send 45 46 47 48 49
cal 1
send 45 46 47 48 49
send 45 46 47 48 49
send 45 46 47 48 49
send 45 46 47 48 49
send 45 46 47 48 49
cal 1
send 45 46 47 48 49
send 45 46 47 48 49
send 45 46 47 48 49
send 45 46 47 48 49
send 45 46 47 48 49
cal 1
send 45 46 47 48 49 50
send 45 46 47 48 49 50
send 45 46 47 48 49 50
send 45 46 47 48 49 50
send 45 46 47 48 49 50
cal 1
send 45 46 47 48 49 50
send 45 46 47 48 49 50
send 45 46 47 48 49 50
send 45 46 47 48 49 50
send 45 46 47 48 49 50
cal 1
send 45 46 47 48 49 50
send 45 46 47 48 49 50
send 45 46 47 48 49 50
send 45 46 47 48 49 50
send 45 46 47 48 49 50
cal 1
send 45 46 47 48 49 50
send 45 46 47 48 49 50
send 45 46 47 48 49 50
send 45 46 47 48 49 50
send 45 46 47 48 49 50
cal 1
send 45 46 47 48 49 50
send 45 46 47 48 49 50
send 45 46 47 48 49 50
send 45 46 47 48 49 50
send 45 46 47 48 49 50
cal 1
send 45 46 47 48 49 50
send 45 46 47 48 49 50
send 45 46 47 48 49 50
send 45 46 47 48 49 50
send 45 46 47 48 49 50
cal 1
send 45 46 47 48 49 50
send 45 46 47 48 49 50
send 45 46 47 48 49 50
send 45 46 47 48 49 50
send 45 46 47 48 49 50
cal 1
send 45 46 47 48 49 50
send 45 46 47 48 49 50
send 45 46 47 48 49 50
send 45 46 47 48 49 50
send 45 46 47 48 49 50
cal 1
send 45 46 47 48 49 50
send 45 46 47 48 49 50
send 45 46 47 48 49 50
send 45 46 47 48 49 50
send 45 46 47 48 49 50
cal 1
send 45 46 47 48 49 50
send 45 46 47 48 49 50
send 45 46 47 48 49 50
send 45 46 47 48 49 50
send 45 46 47 48 49 50
finish
