wait 560
cal 1
send 45 46 47 48 49 50
send 45 46 47 48 49 50
send 45 46 47 48 49 50
send 45 46 47 48 49 50
send 45 46 47 48 49 50
cal 1
send 45 46 47 48 49 50
send 45 46 47 48 49 50
send 45 46 47 48 49 50
send 45 46 47 48 49 50
send 45 46 47 48 49 50
cal 1
send 46 47 48 49 50
send 46 47 48 49 50
send 46 47 48 49 50
send 46 47 48 49 50
send 46 47 48 49 50
cal 1
send 46 47 48 49 50
send 46 47 48 49 50
send 46 47 48 49 50
send 46 47 48 49 50
send 46 47 48 49 50
cal 1
send 46 47 48 49 50
send 46 47 48 49 50
send 46 47 48 49 50
send 46 47 48 49 50
send 46 47 48 49 50
cal 1
send 46 47 48 49 50
send 46 47 48 49 50
send 46 47 48 49 50
send 46 47 48 49 51
send 46 47 48 49 51
cal 1
send 46 47 48 49 51
send 46 47 48 49 51
send 46 47 48 49 51
send 46 47 48 49 51
send 46 47 48 49 50 51
cal 1
send 46 47 48 49 50 51
send 46 47 48 49 50 51
send 46 47 48 49 50 51
send 46 47 48 49 50 51
send 46 47 48 49 50 51
cal 1
send 46 47 48 49 50 51
send 46 47 48 49 50 51
send 46 47 48 49 50 51
send 46 47 48 49 50 51
send 46 47 48 49 50 51
cal 1
send 46 47 48 49 50 51
send 46 47 48 49 50 51
send 46 47 48 49 50 51
send 46 47 48 49 50 51
send 46 47 48 49 50 51
cal 1
send 46 47 48 49 50 51
send 46 47 48 49 50 51
send 46 47 48 49 50 51
send 46 47 48 49 50 51
send 46 47 48 49 50 51
cal 1
send 46 47 48 49 50 51
send 46 47 48 49 50 51
send 46 47 48 49 50 51
send 46 47 48 49 50 51
send 46 47 48 49 50 51
cal 1
send 46 47 48 49 50 51
send 46 47 48 49 50 51
send 46 47 48 49 50 51
send 46 47 48 49 50 51
send 46 47 48 49 50 51
cal 1
send 46 47 48 49 50 51
send 46 47 48 49 50 51
send 46 47 48 49 50 51
send 46 47 48 49 50 51
send 46 47 48 49 50 51
cal 1
send 46 47 48 49 50 51
send 46 47 48 49 50 51
send 46 47 48 49 50 51
send 46 47 48 49 50 51
send 46 47 48 49 50 51
cal 1
send 46 47 48 49 50 51
send 46 47 48 49 50 51 52
send 46 47 48 49 50 51 52
send 46 47 48 49 50 51 52
send 46 47 48 49 50 51 52
cal 1
send 46 47 48 49 50 51 52
send 46 47 48 49 50 51 52
send 47 48 49 50 51 52
send 47 48 49 50 51 52
send 47 48 49 50 51 52
cal 1
send 47 48 49 50 51 52
send 47 48 49 50 51 52
send 47 48 49 50 51 52
send 47 48 49 50 51 52
send 47 48 49 50 51 52
cal 1
send 47 48 49 50 51 52
send 47 48 49 50 51 52
send 47 48 49 50 51 52
send 47 48 49 50 51 52
send 47 48 49 50 51 52
cal 1
send 47 48 49 50 51 52
send 47 48 49 50 51 52
send 47 48 49 50 51 52
send 47 48 49 50 51 52
send 47 48 49 50 51 52
cal 1
send 47 48 49 50 51 52
send 47 48 49 50 51 52
send 47 48 49 50 51 52
send 47 48 49 50 51 52
send 47 48 49 50 51 52
cal 1
send 47 48 49 50 51 52
send 47 48 49 50 52
send 47 48 49 50 52
send 47 48 49 50 52
send 47 48 49 50 52
cal 1
send 47 48 49 50 52
send 47 48 49 50 52
send 47 48 49 51 52
send 47 48 49 51 52
send 47 48 49 51 52
cal 1
send 47 48 49 51 52
send 47 48 49 51 52
send 47 48 49 51 52
send 47 48 49 50 51 52
send 47 48 49 50 51 52
cal 1
send 47 48 49 50 51 52
send 47 48 49 50 51 52
send 47 48 49 50 51 52
send 47 48 49 50 51 52
send 47 48 49 50 51 52
cal 1
send 47 48 49 50 51 52
send 47 48 49 50 51 52
send 47 48 49 50 51 52
send 47 48 49 50 51 52
send 47 48 49 50 51 52
cal 1
send 47 48 49 50 51 52
send 47 48 49 50 51 52
send 47 48 49 50 51 52
send 47 48 49 50 51 52
send 47 48 49 50 51 52
cal 1
send 47 48 49 50 51 52
send 47 48 49 50 51 52
send 47 48 49 50 51 52
send 47 48 49 50 51 52
send 47 48 49 50 51 52
finish
