wait 560
cal 1
send 47 48 49 50 51 52
send 47 48 49 50 51 52
send 47 48 49 50 51 52
send 47 48 49 50 51 52
send 47 48 49 50 51 52
cal 1
send 47 48 49 50 51 52
send 47 48 49 50 51 52
send 47 48 49 50 51 52
send 47 48 49 50 51 52
send 47 48 49 50 51 52
cal 1
send 47 48 49 50 51 52
send 47 48 49 50 51 52
send 47 48 49 50 51 52
send 47 48 49 50 51 52
send 47 48 49 50 51 52 53
cal 1
send 47 48 49 50 51 52 53
send 47 48 49 50 51 52 53
send 47 48 49 50 51 52 53
send 47 48 49 50 51 52 53
send 47 48 49 50 51 52 53
cal 1
send 48 49 50 51 52 53
send 48 49 50 51 52 53
send 48 49 50 51 52 53
send 48 49 50 51 52 53
send 48 49 50 51 52 53
cal 1
send 48 49 50 51 52 53
send 48 49 50 51 52 53
send 48 49 50 51 52 53
send 48 49 50 51 52 53
send 48 49 50 51 52 53
cal 1
send 48 49 50 51 52 53
send 48 49 50 51 52 53
send 48 49 50 51 52 53
send 48 49 50 51 52 53
send 48 49 50 51 52 53
cal 1
send 48 49 50 51 52 53
send 48 49 50 51 52 53
send 48 49 50 51 52 53
send 48 49 50 51 52 53
send 48 49 50 51 52 53
cal 1
send 48 49 50 51 52 53
send 48 49 50 51 52 53
send 48 49 50 51 52 53
send 48 49 50 51 52 53
send 48 49 50 51 52 53
cal 1
send 48 49 50 51 52 53
send 48 49 50 51 52 53
send 48 49 50 51 52 53
send 48 49 50 51 52 53
send 48 49 50 51 52 53
cal 1
send 48 49 50 52 53
send 48 49 50 52 53
send 48 49 50 52 53
send 48 49 50 52 53
send 48 49 50 52 53
cal 1
send 48 49 50 52 53
send 48 49 51 52 53
send 48 49 51 52 53
send 48 49 51 52 53
send 48 49 51 52 53
cal 1
send 48 49 51 52 53
send 48 49 51 52 53
send 48 49 50 51 52 53
send 48 49 50 51 52 53
send 48 49 50 51 52 53
cal 1
send 48 49 50 51 52 53
send 48 49 50 51 52 53
send 48 49 50 51 52 53
send 48 49 50 51 52 53
send 48 49 50 51 52 53
cal 1
send 48 49 50 51 52 53
send 48 49 50 51 52 53
send 48 49 50 51 52 53
send 48 49 50 51 52 53
send 48 49 50 51 52 53
cal 1
send 48 49 50 51 52 53
send 48 49 50 51 52 53
send 48 49 50 51 52 53
send 48 49 50 51 52 53
send 48 49 50 51 52 53
cal 1
send 48 49 50 51 52 53
send 48 49 50 51 52 53
send 48 49 50 51 52 53
send 48 49 50 51 52 53
send 48 49 50 51 52 53
cal 1
send 48 49 50 51 52 53
send 48 49 50 51 52 53
send 48 49 50 51 52 53
send 48 49 50 51 52 53
send 48 49 50 51 52 53
cal 1
send 48 49 50 51 52 53
send 48 49 50 51 52 53
send 48 49 50 51 52 53 54
send 48 49 50 51 52 53 54
send 48 49 50 51 52 53 54
cal 1
send 48 49 50 51 52 53 54
send 48 49 50 51 52 53 54
send 48 49 50 51 52 53 54
send 49 50 51 52 53 54
send 49 50 51 52 53 54
cal 1
send 49 50 51 52 53 54
send 49 50 51 52 53 54
send 49 50 51 52 53 54
send 49 50 51 52 53 54
send 49 50 51 52 53 54
cal 1
send 49 50 51 52 53 54
send 49 50 51 52 53 54
send 49 50 51 52 53 54
send 49 50 51 52 53 54
send 49 50 51 52 53 54
cal 1
send 49 50 51 52 53 54
send 49 50 51 52 53 54
send 49 50 51 52 53 54
send 49 50 51 52 53 54
send 49 50 51 52 53 54
cal 1
send 49 50 51 52 53 54
send 49 50 51 52 53 54
send 49 50 51 52 53 54
send 49 50 51 52 53 54
send 49 50 51 52 53 54
cal 1
send 49 50 51 52 53 54
send 49 50 51 52 53 54
send 49 50 51 52 53 54
send 49 50 51 52 53 54
send 49 50 51 52 53 54
cal 1
send 49 50 51 52 53 54
send 49 50 51 52 53 54
send 49 50 51 52 53 54
send 49 50 51 52 53 54
send 49 50 51 52 53 54
cal 1
send 49 50 51 52 53 54
send 49 50 51 52 53 54
send 49 50 51 52 53 54
send 49 50 51 52 53 54
send 49 50 52 53 54
cal 1
send 49 50 52 53 54
send 49 50 52 53 54
send 49 50 52 53 54
send 49 50 52 53 54
send 49 50 52 53 54
finish
