wait 560
cal 1
send 49 51 52 53
send 49 51 52 53
send 49 51 52 53
send 49 51 52 53
send 49 51 52 53
cal 1
send 49 51 52 53
send 49 50 51 52 53
send 49 50 51 52 53
send 49 50 51 52 53
send 49 50 51 52 53
cal 1
send 49 50 51 52 53
send 49 50 51 52 53
send 49 50 51 52 53
send 49 50 51 52 53
send 49 50 51 52 53
cal 1
send 49 50 51 52 53
send 49 50 51 52 53
send 49 50 51 52 53
send 49 50 51 52 53
send 49 50 51 52 53
cal 1
send 49 50 51 52 53
send 49 50 51 52 53
send 49 50 51 52 53
send 49 50 51 52 53
send 49 50 51 52 53
cal 1
send 49 50 51 52 53
send 49 50 51 52 53
send 49 50 51 52 53
send 49 50 51 52 53
send 49 50 51 52 53
cal 1
send 49 50 51 52 53
send 49 50 51 52 53
send 49 50 51 52 53
send 49 50 51 52 53
send 49 50 51 52 53
cal 1
send 49 50 51 52 53
send 50 51 52 53 54
send 50 51 52 53 54
send 50 51 52 53 54
send 50 51 52 53 54
cal 1
send 50 51 52 53 54
send 50 51 52 53 54
send 50 51 52 53 54
send 50 51 52 53 54
send 50 51 52 53 54
cal 1
send 50 51 52 53 54
send 50 51 52 53 54
send 50 51 52 53 54
send 50 51 52 53 54
send 50 51 52 53 54
cal 1
send 50 51 52 53 54
send 50 51 52 53 54
send 50 51 52 53 54
send 50 51 52 53 54
send 50 51 52 53 54
cal 1
send 50 51 52 53 54
send 50 51 52 53 54
send 50 51 52 53 54
send 50 51 52 53 54
send 50 51 52 53 54
cal 1
send 50 51 52 53 54
send 50 51 52 53 54
send 50 51 52 53 54
send 50 51 52 53 54
send 50 51 52 53 54
cal 1
send 50 51 52 53 54
send 50 51 52 53 54
send 50 51 52 53 54
send 50 51 52 53 54
send 50 51 52 53 54
cal 1
send 50 51 52 53 54
send 50 51 52 53 54
send 50 51 52 53 54
send 50 51 52 53 54
send 50 51 52 53 54
cal 1
send 50 51 52 53 54
send 50 51 52 53 54
send 50 51 52 53 54
send 50 52 53 54
send 50 52 53 54
cal 1
send 50 52 53 54
send 50 52 53 54
send 50 52 53 54
send 50 52 53 54
send 51 52 53
cal 1
send 51 52 53
send 51 52 53
send 51 52 53
send 51 52 53
send 51 52 53
cal 1
send 51 52 53
send 51 52 53
send 51 52 53
send 51 52 53
send 51 52 53
cal 1
send 51 52 53
send 51 52 53
send 51 52 53
send 51 52 53
send 51 52 53
cal 1
send 51 52 53
send 51 52 53
send 51 52 53
send 51 52 53
send 51 52 53
cal 1
send 51 52 53
send 51 52 53
send 51 52 53
send 51 52 53
send 51 52 53
cal 1
send 51 52 53
send 51 52 53
send 51 52 53
send 51 52 53
send 51 52 53
cal 1
send 51 52 53
send 51 52 53
send 51 52 53
send 51 52 53
send 51 52 53
cal 1
send 51 52 53 54
send 51 52 53 54
send 51 52 53 54
send 51 52 53 54
send 51 52 53 54
cal 1
send 51 52 53 54
send 51 52 53 54
send 51 52 53 54
send 51 52 53 54
send 51 52 53 54
cal 1
send 51 52 53 54
send 51 52 53 54
send 51 52 53 54
send 51 52 53 54
send 51 52 53 54
cal 1
send 51 52 53 54
send 51 52 53 54
send 51 52 53 54
send 51 52 53 54
send 51 52 53 54
finish
